0	1.500000000000000	0.000000000000000	-0.000000000081654	0.816537380218506	0.000099999997474	0.000000000000000	0.000000000000000	1.000000000000000	0.000000000000000	0.000000000000000
0	1.500000000000000	0.000000000000000	-0.000000000081654	0.816537380218506	0.000099999997474	0.000000000000000	0.000000000000000	1.000000000000000	0.000000000000000	0.000000000000000
0	1.500000000000000	0.000000000000000	-0.000000000081654	0.816537380218506	0.000099999997474	0.000000000000000	0.000000000000000	1.000000000000000	0.000000000000000	0.000000000000000
0	1.500000000000000	0.000000000000000	-0.000000000081654	0.816537380218506	0.000099999997474	0.000000000000000	0.000000000000000	1.000000000000000	0.000000000000000	0.000000000000000
0	1.500000000000000	0.000000000000000	-0.000000000081654	0.816537380218506	0.000099999997474	0.000000000000000	0.000000000000000	1.000000000000000	0.000000000000000	0.000000000000000
0	1.500000000000000	0.000000000000000	-0.000000000081654	0.816537380218506	0.000099999997474	0.000000000000000	0.000000000000000	1.000000000000000	0.000000000000000	0.000000000000000
0	1.500000000000000	0.000000000000000	-0.000000000081654	0.816537380218506	0.000099999997474	0.000000000000000	0.000000000000000	1.000000000000000	0.000000000000000	0.000000000000000
0	1.500000000000000	0.000000000000000	-0.000000000081654	0.816537380218506	0.000099999997474	0.000000000000000	0.000000000000000	1.000000000000000	0.000000000000000	0.000000000000000
0	1.500000000000000	0.000000000000000	-0.000000000081654	0.816537380218506	0.000099999997474	0.000000000000000	0.000000000000000	1.000000000000000	0.000000000000000	0.000000000000000
0	1.500000000000000	0.000000000000000	-0.000000000081654	0.816537380218506	0.000099999997474	0.000000000000000	0.000000000000000	1.000000000000000	0.000000000000000	0.000000000000000
0	1.500000000000000	0.000000000000000	-0.000000000081654	0.816537380218506	0.000099999997474	0.000000000000000	0.000000000000000	1.000000000000000	0.000000000000000	0.000000000000000
0	1.500000000000000	0.000000000000000	-0.000000000081654	0.816537380218506	0.000099999997474	0.000000000000000	0.000000000000000	1.000000000000000	0.000000000000000	0.000000000000000
0	1.500000000000000	0.000000000000000	-0.000000000081654	0.816537380218506	0.000099999997474	0.000000000000000	0.000000000000000	1.000000000000000	0.000000000000000	0.000000000000000
0	1.500000000000000	0.000000000000000	-0.000000000081654	0.816537380218506	0.000099999997474	0.000000000000000	0.000000000000000	1.000000000000000	0.000000000000000	0.000000000000000
0	1.500000000000000	0.000000000000000	-0.000000000081654	0.816537380218506	0.000099999997474	0.000000000000000	0.000000000000000	1.000000000000000	0.000000000000000	0.000000000000000
0	1.500000000000000	0.000000000000000	-0.000000000081654	0.816537380218506	0.000099999997474	0.000000000000000	0.000000000000000	1.000000000000000	0.000000000000000	0.000000000000000
0	1.500000000000000	0.000000000000000	-0.000000000081654	0.816537380218506	0.000099999997474	0.000000000000000	0.000000000000000	1.000000000000000	0.000000000000000	0.000000000000000
0	1.500000000000000	0.000000000000000	-0.000000000081654	0.816537380218506	0.000099999997474	0.000000000000000	0.000000000000000	1.000000000000000	0.000000000000000	0.000000000000000
0	1.500000000000000	0.000000000000000	-0.000000000081654	0.816537380218506	0.000099999997474	0.000000000000000	0.000000000000000	1.000000000000000	0.000000000000000	0.000000000000000
0	1.500000000000000	0.000000000000000	-0.000000000081654	0.816537380218506	0.000099999997474	0.000000000000000	0.000000000000000	1.000000000000000	0.000000000000000	0.000000000000000
