0.4000000060
0.4057680070
0.4116191864
0.4175547659
0.4235759079
0.4296838939
0.4358799160
0.4421653152
0.4485413730
0.4550093412
0.4615705907
0.4682264328
0.4749782681
0.4818274677
0.4887754321
0.4958235919
0.5029733777
0.5102262497
0.5175837278
0.5250473022
0.5326185226
0.5402988791
0.5480899811
0.5559934378
0.5640109181
0.5721439719
0.5803942680
0.5887635946
0.5972535610
0.6058659554
0.6146025658
0.6234651804
0.6324555278
0.6415755749
0.6508271098
0.6602120399
0.6697323322
0.6793898940
0.6891866922
0.6991247535
0.7092061639
0.7194329500
0.7298071980
0.7403309941
0.7510066032
0.7618361115
0.7728218436
0.7839659452
0.7952707410
0.8067385554
0.8183717728
0.8301726580
0.8421437740
0.8542875051
0.8666063547
0.8791028261
0.8917795420
0.9046390057
0.9176839590
0.9309169650
0.9443408251
0.9579582214
0.9717720151
0.9857849479
1.0000000000
1.0144200325
1.0290479660
1.0438868999
1.0589398146
1.0742096901
1.0896998644
1.1054133177
1.1213533878
1.1375232935
1.1539264917
1.1705660820
1.1874456406
1.2045686245
1.2219386101
1.2395589352
1.2574334145
1.2755656242
1.2939593792
1.3126182556
1.3315463066
1.3507472277
1.3702249527
1.3899836540
1.4100272655
1.4303598404
1.4509856701
1.4719089270
1.4931339025
1.5146648884
1.5365064144
1.5586628914
1.5811388493
1.6039389372
1.6270676851
1.6505300999
1.6743307114
1.6984746456
1.7229666710
1.7478119135
1.7730153799
1.7985823154
1.8245179653
1.8508274555
1.8775165081
1.9045902491
1.9320545197
1.9599148035
1.9881768227
2.0168464184
2.0459294319
2.0754315853
2.1053595543
2.1357188225
2.1665158272
2.1977570057
2.2294487953
2.2615976334
2.2942097187
2.3272924423
2.3608520031
2.3948955536
2.4294300079
2.4644622803
2.5000000000
